686
245

0 686
1 687
2 688
3 689
4 690
5 691
6 692
7 693
8 694
9 695
10 696
11 697
12 698
13 699
14 700
15 701
16 702
17 703
18 704
19 705
20 706
21 707
22 708
23 709
24 710
25 711
26 712
27 713
28 714
29 715
30 716
31 717
32 718
33 719
34 720
35 721
36 722
37 723
38 724
39 725
40 726
41 727
42 728
43 729
44 730
45 731
46 732
47 733
48 734
49 735
50 736
51 737
52 738
53 739
54 740
55 741
56 742
57 743
58 744
59 745
60 746
61 747
62 748
63 749
64 750
65 751
66 752
67 753
68 754
69 755
70 756
71 757
72 758
73 759
74 760
75 761
76 762
77 763
78 764
79 765
80 766
81 767
82 768
83 769
84 770
85 771
86 772
87 773
88 774
89 775
90 776
91 777
92 778
93 779
94 780
95 781
96 782
97 783
98 784
99 785
100 786
101 787
102 788
103 789
104 790
105 791
106 792
107 793
108 794
109 795
110 796
111 797
112 798
113 799
114 800
115 801
116 802
117 803
118 804
119 805
120 806
121 807
122 808
123 809
124 810
125 811
126 812
127 813
128 814
129 815
130 816
131 817
132 818
133 819
134 820
135 821
136 822
137 823
138 824
139 825
140 826
141 827
142 828
143 829
144 830
145 831
146 832
147 833
148 834
149 835
150 836
151 837
152 838
153 839
154 840
155 841
156 842
157 843
158 844
159 845
160 846
161 847
162 848
163 849
164 850
165 851
166 852
167 853
168 854
169 855
170 856
171 857
172 858
173 859
174 860
175 861
176 862
177 863
178 864
179 865
180 866
181 867
182 868
183 869
184 870
185 871
186 872
187 873
188 874
189 875
190 876
191 877
192 878
193 879
194 880
195 881
196 882
197 883
198 884
199 885
200 886
201 887
202 888
203 889
204 890
205 891
206 892
207 893
208 894
209 895
210 896
211 897
212 898
213 899
214 900
215 901
216 902
217 903
218 904
219 905
220 906
221 907
222 908
223 909
224 910
225 911
226 912
227 913
228 914
229 915
230 916
231 917
232 918
233 919
234 920
235 921
236 922
237 923
238 924
239 925
240 926
241 927
242 928
243 929
244 930
245 686
246 687
247 688
248 689
249 690
250 691
251 692
252 693
253 694
254 695
255 696
256 697
257 698
258 699
259 700
260 701
261 702
262 703
263 704
264 705
265 706
266 707
267 708
268 709
269 710
270 711
271 712
272 713
273 714
274 715
275 716
276 717
277 718
278 719
279 720
280 721
281 722
282 723
283 724
284 725
285 726
286 727
287 728
288 729
289 730
290 731
291 732
292 733
293 734
294 735
295 736
296 737
297 738
298 739
299 740
300 741
301 742
302 743
303 744
304 745
305 746
306 747
307 748
308 749
309 750
310 751
311 752
312 753
313 754
314 755
315 756
316 757
317 758
318 759
319 760
320 761
321 762
322 763
323 764
324 765
325 766
326 767
327 768
328 769
329 770
330 771
331 772
332 773
333 774
334 775
335 776
336 777
337 778
338 779
339 780
340 781
341 782
342 783
343 784
344 785
345 786
346 787
347 788
348 789
349 790
350 791
351 792
352 793
353 794
354 795
355 796
356 797
357 798
358 799
359 800
360 801
361 802
362 803
363 804
364 805
365 806
366 807
367 808
368 809
369 810
370 811
371 812
372 813
373 814
374 815
375 816
376 817
377 818
378 819
379 820
380 821
381 822
382 823
383 824
384 825
385 826
386 827
387 828
388 829
389 830
390 831
391 832
392 833
393 834
394 835
395 836
396 837
397 838
398 839
399 840
400 841
401 842
402 843
403 844
404 845
405 846
406 847
407 848
408 849
409 850
410 851
411 852
412 853
413 854
414 855
415 856
416 857
417 858
418 859
419 860
420 861
421 862
422 863
423 864
424 865
425 866
426 867
427 868
428 869
429 870
430 871
431 872
432 873
433 874
434 875
435 876
436 877
437 878
438 879
439 880
440 881
441 882
442 883
443 884
444 885
445 886
446 887
447 888
448 889
449 890
450 891
451 892
452 893
453 894
454 895
455 896
456 897
457 898
458 899
459 900
460 901
461 902
462 903
463 904
464 905
465 906
466 907
467 908
468 909
469 910
470 911
471 912
472 913
473 914
474 915
475 916
476 917
477 918
478 919
479 920
480 921
481 922
482 923
483 924
484 925
485 926
486 927
487 928
488 929
489 930
490 686
491 687
492 688
493 689
494 690
495 691
496 692
497 693
498 694
499 695
500 696
501 697
502 698
503 699
504 700
505 701
506 702
507 703
508 704
509 705
510 706
511 707
512 708
513 709
514 710
515 711
516 712
517 713
518 714
519 715
520 716
521 717
522 718
523 719
524 720
525 721
526 722
527 723
528 724
529 725
530 726
531 727
532 728
533 729
534 730
535 731
536 732
537 733
538 734
539 735
540 736
541 737
542 738
543 739
544 740
545 741
546 742
547 743
548 744
549 745
550 746
551 747
552 748
553 749
554 750
555 751
556 752
557 753
558 754
559 755
560 756
561 757
562 758
563 759
564 760
565 761
566 762
567 763
568 764
569 765
570 766
571 767
572 768
573 769
574 770
575 771
576 772
577 773
578 774
579 775
580 776
581 777
582 778
583 779
584 780
585 781
586 782
587 783
588 784
589 785
590 786
591 787
592 788
593 789
594 790
595 791
596 792
597 793
598 794
599 795
600 796
601 797
602 798
603 799
604 800
605 801
606 802
607 803
608 804
609 805
610 806
611 807
612 808
613 809
614 810
615 811
616 812
617 813
618 814
619 815
620 816
621 817
622 818
623 819
624 820
625 821
626 822
627 823
628 824
629 825
630 826
631 827
632 828
633 829
634 830
635 831
636 832
637 833
638 834
639 835
640 836
641 837
642 838
643 839
644 840
645 841
646 842
647 843
648 844
649 845
650 846
651 847
652 848
653 849
654 850
655 851
656 852
657 853
658 854
659 855
660 856
661 857
662 858
663 859
664 860
665 861
666 862
667 863
668 864
669 865
670 866
671 867
672 868
673 869
674 870
675 871
676 872
677 873
678 874
679 875
680 876
681 877
682 878
683 879
684 880
685 881
686 773
686 902
686 876
686 879
687 820
687 875
687 729
687 929
687 802
688 826
688 785
688 801
688 828
688 851
688 721
689 799
689 884
689 713
689 868
690 728
690 764
690 702
690 921
690 909
690 927
691 897
691 723
691 859
691 906
691 707
691 843
691 711
692 750
692 888
692 835
692 886
692 833
692 709
692 854
693 898
693 838
694 838
694 722
694 922
694 691
694 810
694 846
694 742
695 693
695 741
695 734
695 689
695 800
695 766
696 705
696 845
696 893
696 849
696 741
696 744
697 747
697 784
697 748
697 686
697 804
698 828
698 848
698 762
698 837
698 776
699 819
699 895
699 739
699 929
699 803
699 923
699 837
699 697
700 778
700 808
700 796
700 803
700 865
700 783
700 735
700 852
701 726
701 716
701 710
701 930
701 925
702 904
702 765
702 779
702 827
702 903
703 864
703 903
703 771
703 752
703 741
704 782
704 686
704 719
704 911
704 821
704 764
704 711
704 841
705 785
705 809
705 725
705 912
705 707
705 812
705 806
705 752
706 907
706 778
706 925
706 801
706 895
706 755
706 919
707 800
707 923
707 788
708 825
708 794
708 789
708 928
708 786
709 801
709 715
709 812
709 725
709 786
709 766
709 896
709 804
710 700
710 824
710 845
710 703
710 737
710 848
711 762
711 906
711 844
712 855
712 909
712 817
712 900
713 718
713 919
713 865
713 774
713 746
713 721
714 704
714 838
714 716
714 741
714 859
715 737
715 813
715 703
715 803
715 817
715 708
715 907
716 781
716 873
716 833
716 867
716 796
717 906
717 867
717 862
717 758
717 866
717 725
718 877
718 858
718 860
718 912
719 853
719 880
719 865
719 706
719 796
719 927
720 695
720 880
720 908
720 743
720 781
720 774
720 887
720 878
721 909
721 707
721 878
721 906
722 865
722 698
722 927
722 897
723 693
723 870
723 825
724 755
724 830
724 686
724 835
724 851
725 714
725 874
725 898
726 929
726 837
726 752
726 769
726 879
726 753
726 700
726 763
726 749
727 876
727 902
727 785
727 777
727 774
727 738
727 862
728 688
728 813
728 693
729 701
729 858
729 716
729 727
729 734
729 889
730 864
730 745
730 729
730 822
730 868
731 891
731 858
731 813
731 805
731 692
731 776
731 687
732 752
732 770
732 733
732 703
732 848
733 788
733 774
733 916
733 696
733 770
733 725
733 706
734 807
734 847
734 790
734 739
734 722
734 870
734 903
734 858
734 735
735 835
735 707
735 913
735 718
735 910
736 869
736 715
736 837
736 923
736 908
736 819
736 853
736 800
736 898
737 790
737 871
737 698
737 702
737 927
737 712
737 748
738 904
738 880
738 777
738 821
738 689
738 875
738 720
739 719
739 693
739 883
739 847
739 712
739 888
740 851
740 830
740 809
740 843
740 920
740 874
741 804
742 920
742 752
742 903
742 816
742 759
742 766
742 780
743 801
743 865
743 792
743 915
743 712
743 847
744 898
744 879
744 839
744 890
744 842
744 746
745 752
745 842
745 884
745 881
745 781
746 858
746 827
746 764
746 803
746 884
746 857
747 879
747 929
747 713
747 926
747 831
747 807
748 859
748 827
748 728
749 694
749 911
749 915
749 776
749 878
749 900
750 814
750 907
750 689
750 694
750 872
750 748
750 823
751 869
751 774
751 809
751 797
751 702
751 770
751 793
751 742
751 763
752 747
752 809
752 918
753 806
753 743
753 717
753 902
753 709
753 829
753 741
754 830
754 738
755 756
755 924
755 922
755 834
755 910
756 732
756 830
756 820
756 769
756 795
756 908
756 841
756 889
757 698
757 800
757 708
757 710
757 862
757 835
757 841
758 903
758 792
758 760
758 695
758 856
758 924
759 740
759 749
759 901
759 809
759 893
760 794
760 926
760 798
760 766
761 775
761 732
761 709
761 795
762 855
762 697
762 768
762 749
762 910
763 748
763 893
763 700
764 805
764 771
764 697
765 777
765 707
765 732
765 724
765 689
765 760
766 821
766 771
766 776
766 917
766 718
767 799
767 757
767 839
767 829
767 898
768 925
768 892
768 750
768 752
768 739
768 809
768 784
769 874
769 754
769 850
769 822
770 869
770 714
770 731
770 796
770 844
771 921
771 690
771 860
771 844
771 884
771 901
771 813
771 693
772 894
772 728
772 799
772 897
772 761
772 920
773 702
773 861
773 841
773 710
773 701
773 828
773 886
774 775
774 719
774 724
774 690
774 889
775 859
775 763
775 829
775 791
775 797
775 733
776 688
776 917
776 810
776 919
776 870
777 889
777 839
777 778
778 856
778 863
778 844
778 827
778 819
779 794
779 914
779 792
779 908
779 845
779 836
779 772
780 902
780 810
780 761
780 721
780 698
780 712
780 741
781 883
781 795
781 731
781 917
782 724
782 798
782 686
782 911
782 818
782 770
782 743
782 689
783 923
783 887
783 735
783 925
783 820
783 776
784 740
784 693
784 789
784 797
784 811
785 883
785 696
785 913
785 739
786 816
786 841
786 698
786 712
786 784
786 735
787 745
787 814
787 759
787 880
787 891
787 799
787 690
787 905
787 913
787 871
788 791
788 899
788 926
789 792
789 703
789 883
789 905
789 907
789 767
789 811
789 745
789 851
790 778
790 873
790 904
790 853
790 748
791 842
791 732
791 904
791 902
792 839
792 788
792 763
792 838
792 901
793 900
793 792
793 800
793 728
793 874
793 862
793 868
793 844
794 877
794 901
794 860
794 908
795 888
795 816
795 864
795 922
795 729
796 692
796 811
797 718
797 759
797 716
797 853
798 837
798 723
798 699
798 703
798 693
798 901
798 724
799 832
799 724
799 901
800 843
800 719
800 882
801 856
801 804
801 754
801 717
802 808
802 830
802 814
802 737
802 863
802 753
802 736
802 828
803 829
803 730
803 849
803 795
803 886
804 881
804 783
804 921
804 758
804 730
805 884
805 777
805 909
805 921
805 887
805 914
806 869
806 782
806 900
806 686
806 763
807 784
807 907
807 714
807 923
807 825
807 712
807 815
808 860
808 750
808 765
808 856
808 925
809 732
809 730
809 760
810 822
810 814
810 916
810 826
810 857
811 797
811 839
811 928
811 922
811 833
811 728
811 828
812 800
812 876
812 885
812 801
812 788
813 707
813 783
813 717
813 785
814 838
814 764
814 755
814 867
814 812
814 714
815 826
815 755
815 787
815 887
816 835
816 904
816 832
816 769
816 911
817 914
817 907
817 888
818 858
818 918
818 725
818 806
818 846
818 786
819 876
819 860
819 723
819 702
819 767
819 775
820 898
820 915
820 716
820 788
820 911
820 762
821 791
821 790
821 834
821 717
821 773
822 744
822 741
822 782
822 765
822 870
822 855
822 868
823 714
823 715
823 852
824 810
824 889
824 828
824 731
824 772
824 886
825 884
825 699
825 812
825 754
826 892
826 825
826 836
826 737
826 740
826 803
827 808
827 791
827 701
827 694
828 796
828 829
828 779
828 921
829 885
829 821
829 824
829 910
830 760
830 780
830 922
830 848
831 884
831 688
831 723
831 916
831 920
831 817
831 796
831 815
832 867
832 794
832 773
832 879
832 842
833 705
833 819
833 797
833 711
833 874
833 902
833 929
834 785
834 820
834 928
834 922
834 870
834 716
834 894
835 727
835 821
835 708
835 902
835 861
836 802
836 794
836 858
836 873
836 923
836 851
836 856
837 838
837 906
837 788
837 896
838 754
838 779
838 913
838 895
838 914
839 909
839 713
839 823
839 887
840 853
840 757
840 866
840 867
840 768
840 770
840 711
841 744
841 760
841 859
841 762
842 711
842 794
842 826
842 780
843 859
843 769
843 711
843 840
843 728
843 799
844 827
844 698
844 892
845 894
845 760
845 815
845 777
845 924
845 866
846 757
846 744
846 794
846 738
846 760
846 806
846 883
847 846
847 818
847 920
847 751
848 891
848 778
848 721
848 703
848 740
848 823
849 811
849 842
849 719
849 708
849 770
849 855
849 887
849 823
850 901
850 818
850 717
850 793
850 916
850 805
850 829
850 721
851 744
851 749
851 704
851 916
851 908
852 801
852 881
852 735
852 772
853 693
853 754
853 687
853 738
853 926
854 882
854 689
854 912
854 839
854 906
855 868
855 860
856 905
856 914
856 697
856 896
856 800
856 776
857 791
857 832
857 785
857 725
857 708
857 837
857 749
857 917
857 854
858 876
858 812
858 767
859 845
859 743
859 886
859 840
859 874
860 867
860 911
860 909
860 773
861 767
861 912
861 923
861 726
861 763
861 723
862 919
862 777
862 686
862 796
862 820
863 862
863 916
863 788
863 747
863 758
863 889
863 822
864 919
864 710
864 863
864 692
864 791
865 862
865 891
865 695
865 775
866 922
866 812
866 883
866 864
866 803
866 854
867 871
867 879
867 800
867 733
868 816
868 825
868 847
868 882
868 829
869 926
869 905
869 707
869 924
869 798
869 741
870 830
870 823
870 718
870 878
870 691
871 900
871 922
871 781
871 786
871 823
871 831
872 730
872 861
872 759
872 745
872 722
872 921
872 690
872 748
872 878
872 808
873 733
873 786
873 705
873 893
873 840
873 825
873 777
874 828
874 895
874 900
874 841
875 855
875 878
875 930
875 914
875 861
875 886
875 852
875 866
876 832
876 928
876 743
876 846
877 917
877 767
877 816
877 894
877 750
877 855
877 805
877 688
877 691
878 747
878 687
878 730
878 844
879 841
879 920
879 926
879 847
880 929
880 697
880 924
880 916
880 759
880 725
880 837
881 930
881 808
881 707
881 761
881 892
881 817
882 827
882 799
882 729
882 718
882 761
882 748
882 796
882 843
883 779
883 817
883 764
883 730
883 809
884 895
884 799
884 848
884 921
885 792
885 785
885 928
885 732
885 761
885 781
885 710
885 746
885 910
886 816
886 849
886 858
886 740
886 855
886 854
887 836
887 763
887 797
887 817
887 851
887 892
888 804
888 861
888 768
888 742
888 769
888 925
888 904
888 896
889 689
889 761
889 795
889 713
889 908
890 714
890 894
890 699
890 808
890 694
890 852
890 874
890 815
890 895
890 892
891 876
891 722
891 832
891 830
891 833
891 827
891 867
892 746
892 729
892 834
892 701
892 901
892 840
893 879
893 895
893 769
893 825
893 853
893 741
893 852
894 922
894 854
894 704
894 790
894 761
894 781
895 865
895 748
895 775
895 759
896 762
896 764
896 784
896 766
896 875
896 690
896 783
897 824
897 723
897 929
897 795
897 767
897 713
897 720
898 790
898 728
898 883
898 831
898 692
898 869
899 834
899 758
899 866
899 708
899 696
899 813
899 824
899 736
899 739
899 793
900 824
900 693
900 823
900 805
900 766
900 815
901 756
901 813
901 687
901 885
902 751
902 847
902 855
902 764
902 905
903 907
903 799
903 727
903 755
903 911
903 882
904 916
904 809
904 774
904 854
904 781
905 895
905 706
905 924
905 865
905 890
905 884
905 768
906 893
906 870
906 847
906 908
906 863
906 904
907 806
907 697
907 755
907 889
908 832
908 807
908 923
908 723
909 696
909 819
909 821
909 754
909 930
909 842
910 810
910 797
910 903
910 845
910 780
911 817
911 691
911 747
911 850
912 891
912 923
912 745
912 798
912 815
912 873
912 711
912 807
913 796
913 722
913 727
913 810
913 842
913 823
913 917
913 763
914 815
914 806
914 711
914 712
914 742
914 897
915 899
915 876
915 855
915 864
915 843
915 919
915 762
915 788
915 757
916 695
916 754
916 765
917 813
917 764
917 753
917 695
917 919
917 802
918 881
918 907
918 745
918 758
918 720
918 783
918 722
918 765
919 881
919 687
919 916
919 722
920 784
920 790
920 728
920 878
920 852
920 701
921 814
921 696
921 772
921 839
921 741
922 754
922 826
922 731
923 871
923 850
923 769
924 801
924 687
924 772
924 852
924 817
924 844
925 818
925 723
925 746
925 844
925 724
925 896
926 791
926 868
926 725
926 735
926 910
926 836
927 918
927 701
927 818
927 777
927 706
927 778
927 756
927 911
928 860
928 688
928 721
928 835
928 715
928 804
928 718
929 894
929 864
929 686
929 910
929 871
930 919
930 754
930 897
930 702
930 918
930 753
930 752
930 721
