250
125

0 250
1 251
2 252
3 253
4 254
5 255
6 256
7 257
8 258
9 259
10 260
11 261
12 262
13 263
14 264
15 265
16 266
17 267
18 268
19 269
20 270
21 271
22 272
23 273
24 274
25 275
26 276
27 277
28 278
29 279
30 280
31 281
32 282
33 283
34 284
35 285
36 286
37 287
38 288
39 289
40 290
41 291
42 292
43 293
44 294
45 295
46 296
47 297
48 298
49 299
50 300
51 301
52 302
53 303
54 304
55 305
56 306
57 307
58 308
59 309
60 310
61 311
62 312
63 313
64 314
65 315
66 316
67 317
68 318
69 319
70 320
71 321
72 322
73 323
74 324
75 325
76 326
77 327
78 328
79 329
80 330
81 331
82 332
83 333
84 334
85 335
86 336
87 337
88 338
89 339
90 340
91 341
92 342
93 343
94 344
95 345
96 346
97 347
98 348
99 349
100 350
101 351
102 352
103 353
104 354
105 355
106 356
107 357
108 358
109 359
110 360
111 361
112 362
113 363
114 364
115 365
116 366
117 367
118 368
119 369
120 370
121 371
122 372
123 373
124 374
125 250
126 251
127 252
128 253
129 254
130 255
131 256
132 257
133 258
134 259
135 260
136 261
137 262
138 263
139 264
140 265
141 266
142 267
143 268
144 269
145 270
146 271
147 272
148 273
149 274
150 275
151 276
152 277
153 278
154 279
155 280
156 281
157 282
158 283
159 284
160 285
161 286
162 287
163 288
164 289
165 290
166 291
167 292
168 293
169 294
170 295
171 296
172 297
173 298
174 299
175 300
176 301
177 302
178 303
179 304
180 305
181 306
182 307
183 308
184 309
185 310
186 311
187 312
188 313
189 314
190 315
191 316
192 317
193 318
194 319
195 320
196 321
197 322
198 323
199 324
200 325
201 326
202 327
203 328
204 329
205 330
206 331
207 332
208 333
209 334
210 335
211 336
212 337
213 338
214 339
215 340
216 341
217 342
218 343
219 344
220 345
221 346
222 347
223 348
224 349
225 350
226 351
227 352
228 353
229 354
230 355
231 356
232 357
233 358
234 359
235 360
236 361
237 362
238 363
239 364
240 365
241 366
242 367
243 368
244 369
245 370
246 371
247 372
248 373
249 374
250 288
250 312
250 255
250 351
250 319
251 265
251 291
251 311
251 290
252 306
252 259
252 344
253 333
253 314
253 350
253 352
254 287
254 295
254 288
255 313
255 322
255 300
255 334
255 253
256 282
256 341
256 302
256 359
257 372
257 270
258 256
258 277
258 260
259 250
259 351
259 311
259 357
260 299
260 308
260 341
261 264
261 253
262 342
262 331
262 347
262 355
262 374
262 285
263 362
263 297
263 290
264 347
264 316
265 275
265 269
265 304
265 353
265 350
265 272
266 254
266 311
266 338
266 336
267 315
267 293
267 307
267 365
267 255
268 337
268 349
268 350
268 254
268 364
268 341
269 345
269 320
269 367
270 263
270 343
271 359
271 299
271 331
271 257
271 260
272 362
272 305
272 322
272 273
272 370
272 259
273 349
273 294
273 361
274 315
274 277
274 281
274 257
275 261
275 356
275 340
275 280
275 341
275 343
276 273
276 256
276 339
276 314
276 364
277 264
277 284
277 263
277 325
278 252
278 318
278 254
278 319
278 306
278 261
279 332
279 269
279 321
279 345
280 356
280 258
280 301
280 307
281 276
281 302
282 342
282 294
282 258
282 319
282 336
283 296
283 308
283 295
283 280
284 323
284 303
284 339
284 324
284 326
285 352
285 310
285 316
285 280
285 324
286 345
286 327
287 284
287 303
287 314
288 358
289 355
289 253
289 334
289 308
289 338
289 285
290 270
290 269
290 264
290 339
290 353
291 367
292 277
292 298
292 366
292 356
292 274
293 374
293 299
293 369
293 317
293 340
294 300
294 325
295 368
295 306
295 270
295 287
295 338
296 310
296 279
296 288
297 291
297 321
297 267
298 288
299 269
299 323
300 277
300 321
300 291
301 374
301 290
301 315
301 298
301 365
301 316
302 358
302 351
302 270
302 283
303 361
303 371
303 292
303 291
303 327
304 322
304 273
304 288
304 374
305 263
305 366
305 360
305 310
306 337
306 298
307 250
307 363
307 361
307 298
308 318
308 286
308 365
309 373
309 271
309 331
309 253
309 371
309 315
310 303
310 286
311 369
311 372
311 288
312 263
312 262
312 268
312 320
312 289
312 264
313 300
313 328
313 268
313 350
313 287
313 281
313 339
314 261
314 322
314 360
315 293
315 283
315 350
316 321
316 374
316 305
316 324
316 302
317 283
317 355
317 344
317 295
317 362
318 261
318 298
319 252
319 360
319 283
320 294
320 266
320 334
321 270
321 272
321 294
321 372
322 318
322 305
322 296
323 339
323 327
323 251
323 273
323 298
324 267
324 257
324 301
325 275
325 356
325 366
326 281
326 299
326 340
326 339
326 331
326 280
327 260
327 319
328 348
328 305
328 279
329 271
329 251
329 263
329 317
329 334
330 327
330 299
330 307
330 356
330 282
330 259
330 353
331 367
331 261
332 310
332 340
332 311
333 296
333 269
333 342
333 332
334 299
334 266
334 352
335 318
335 297
335 281
335 329
335 306
335 328
336 335
336 285
336 351
336 344
336 304
337 262
337 296
337 370
337 288
337 341
337 309
338 369
338 293
338 363
338 259
340 328
340 327
341 297
341 320
342 328
342 281
342 373
342 323
342 347
343 329
343 325
343 257
343 331
343 286
343 306
344 298
344 364
344 279
344 258
344 307
345 348
345 266
345 368
345 372
346 332
346 251
346 252
346 362
346 331
346 318
346 308
346 324
347 339
347 292
347 291
347 270
348 273
348 319
348 325
348 332
349 286
349 356
349 354
349 291
349 294
350 255
350 256
350 286
351 360
351 257
351 320
352 281
352 320
352 258
352 365
352 371
353 271
353 302
353 297
353 370
353 258
354 286
354 311
354 324
354 256
354 251
354 291
354 282
355 330
355 332
355 294
355 276
355 325
356 365
356 297
357 345
357 254
357 252
357 318
357 289
357 334
358 336
358 329
358 368
358 371
358 296
359 339
359 265
359 264
359 335
359 304
359 274
360 341
360 348
360 315
360 333
361 279
361 306
361 312
361 300
362 340
362 326
362 347
362 267
363 370
363 310
363 260
363 372
363 351
363 361
364 308
364 310
364 284
364 274
364 257
365 333
365 338
365 371
366 349
366 278
366 266
366 309
367 252
367 368
367 287
367 358
368 328
368 366
368 314
369 314
369 327
369 260
369 322
369 264
370 348
370 276
370 340
370 278
371 254
371 357
371 261
372 368
372 333
373 304
373 367
373 292
373 274
373 317
373 250
374 300
374 372
374 287
