432
180

0 432
1 433
2 434
3 435
4 436
5 437
6 438
7 439
8 440
9 441
10 442
11 443
12 444
13 445
14 446
15 447
16 448
17 449
18 450
19 451
20 452
21 453
22 454
23 455
24 456
25 457
26 458
27 459
28 460
29 461
30 462
31 463
32 464
33 465
34 466
35 467
36 468
37 469
38 470
39 471
40 472
41 473
42 474
43 475
44 476
45 477
46 478
47 479
48 480
49 481
50 482
51 483
52 484
53 485
54 486
55 487
56 488
57 489
58 490
59 491
60 492
61 493
62 494
63 495
64 496
65 497
66 498
67 499
68 500
69 501
70 502
71 503
72 504
73 505
74 506
75 507
76 508
77 509
78 510
79 511
80 512
81 513
82 514
83 515
84 516
85 517
86 518
87 519
88 520
89 521
90 522
91 523
92 524
93 525
94 526
95 527
96 528
97 529
98 530
99 531
100 532
101 533
102 534
103 535
104 536
105 537
106 538
107 539
108 540
109 541
110 542
111 543
112 544
113 545
114 546
115 547
116 548
117 549
118 550
119 551
120 552
121 553
122 554
123 555
124 556
125 557
126 558
127 559
128 560
129 561
130 562
131 563
132 564
133 565
134 566
135 567
136 568
137 569
138 570
139 571
140 572
141 573
142 574
143 575
144 576
145 577
146 578
147 579
148 580
149 581
150 582
151 583
152 584
153 585
154 586
155 587
156 588
157 589
158 590
159 591
160 592
161 593
162 594
163 595
164 596
165 597
166 598
167 599
168 600
169 601
170 602
171 603
172 604
173 605
174 606
175 607
176 608
177 609
178 610
179 611
180 432
181 433
182 434
183 435
184 436
185 437
186 438
187 439
188 440
189 441
190 442
191 443
192 444
193 445
194 446
195 447
196 448
197 449
198 450
199 451
200 452
201 453
202 454
203 455
204 456
205 457
206 458
207 459
208 460
209 461
210 462
211 463
212 464
213 465
214 466
215 467
216 468
217 469
218 470
219 471
220 472
221 473
222 474
223 475
224 476
225 477
226 478
227 479
228 480
229 481
230 482
231 483
232 484
233 485
234 486
235 487
236 488
237 489
238 490
239 491
240 492
241 493
242 494
243 495
244 496
245 497
246 498
247 499
248 500
249 501
250 502
251 503
252 504
253 505
254 506
255 507
256 508
257 509
258 510
259 511
260 512
261 513
262 514
263 515
264 516
265 517
266 518
267 519
268 520
269 521
270 522
271 523
272 524
273 525
274 526
275 527
276 528
277 529
278 530
279 531
280 532
281 533
282 534
283 535
284 536
285 537
286 538
287 539
288 540
289 541
290 542
291 543
292 544
293 545
294 546
295 547
296 548
297 549
298 550
299 551
300 552
301 553
302 554
303 555
304 556
305 557
306 558
307 559
308 560
309 561
310 562
311 563
312 564
313 565
314 566
315 567
316 568
317 569
318 570
319 571
320 572
321 573
322 574
323 575
324 576
325 577
326 578
327 579
328 580
329 581
330 582
331 583
332 584
333 585
334 586
335 587
336 588
337 589
338 590
339 591
340 592
341 593
342 594
343 595
344 596
345 597
346 598
347 599
348 600
349 601
350 602
351 603
352 604
353 605
354 606
355 607
356 608
357 609
358 610
359 611
360 432
361 433
362 434
363 435
364 436
365 437
366 438
367 439
368 440
369 441
370 442
371 443
372 444
373 445
374 446
375 447
376 448
377 449
378 450
379 451
380 452
381 453
382 454
383 455
384 456
385 457
386 458
387 459
388 460
389 461
390 462
391 463
392 464
393 465
394 466
395 467
396 468
397 469
398 470
399 471
400 472
401 473
402 474
403 475
404 476
405 477
406 478
407 479
408 480
409 481
410 482
411 483
412 484
413 485
414 486
415 487
416 488
417 489
418 490
419 491
420 492
421 493
422 494
423 495
424 496
425 497
426 498
427 499
428 500
429 501
430 502
431 503
432 582
432 438
432 490
433 531
433 485
434 534
434 499
434 545
434 503
434 581
435 520
435 593
435 570
435 610
435 433
435 588
435 552
436 587
436 583
436 494
436 558
436 575
436 461
437 540
437 552
437 501
437 433
438 515
438 467
438 576
438 568
438 562
438 490
439 560
439 495
439 583
439 503
440 558
440 478
440 487
440 447
440 522
441 532
441 563
441 574
441 462
441 455
442 533
442 483
442 531
442 570
442 457
442 582
442 434
442 488
443 479
443 610
443 556
443 457
443 474
444 588
444 605
444 466
444 517
444 452
444 489
445 569
445 568
445 518
446 556
446 505
446 540
447 511
447 577
447 490
448 594
448 589
449 557
449 611
449 533
449 448
449 514
450 454
450 519
450 515
450 465
450 468
450 557
450 576
451 604
451 487
451 489
451 584
451 504
452 609
452 586
452 526
452 468
452 451
453 436
453 433
453 466
453 519
454 471
454 608
455 487
456 507
456 569
456 432
456 554
456 558
456 511
456 527
457 475
457 611
457 495
457 469
457 484
457 524
458 475
458 510
458 605
458 474
458 565
459 585
459 537
459 551
459 587
460 492
460 564
460 474
460 459
460 518
460 468
460 568
461 453
461 584
461 597
461 510
461 478
462 495
462 548
462 533
462 555
462 487
463 477
463 525
463 502
463 499
464 441
464 466
464 598
464 591
464 463
464 590
464 573
465 468
465 448
465 497
465 563
465 588
466 508
466 572
466 495
466 591
467 583
467 519
468 565
468 554
468 544
469 566
469 483
469 545
470 469
470 480
470 506
470 500
470 482
470 585
470 545
471 458
471 594
471 538
471 527
471 569
472 439
472 573
472 600
473 547
473 541
473 446
473 524
473 489
473 600
474 511
475 609
475 474
475 606
475 447
476 579
476 483
476 522
476 487
476 591
477 551
477 487
478 610
478 518
478 488
478 552
479 512
479 606
479 528
479 432
480 551
480 501
480 469
480 443
480 606
481 541
481 586
481 493
481 575
481 530
482 574
482 534
482 560
482 513
482 531
483 567
483 550
483 479
483 602
484 497
484 530
484 511
484 605
485 559
485 576
485 434
485 432
485 473
485 603
485 601
486 479
486 562
486 595
486 517
486 534
486 596
487 556
488 450
488 469
488 485
488 447
489 595
489 443
489 504
489 476
490 446
490 593
490 505
491 583
491 486
491 561
491 589
492 572
492 594
492 564
492 546
492 527
492 433
492 585
492 551
493 463
493 582
494 449
494 590
494 561
494 484
494 591
494 527
494 478
495 529
495 584
495 467
496 539
496 558
496 441
496 500
496 448
497 445
497 606
497 609
497 545
498 594
498 453
498 502
498 457
498 553
499 493
499 452
499 498
499 561
499 515
499 601
499 491
500 604
500 514
501 515
501 440
501 512
502 455
502 436
502 440
502 582
502 515
503 507
503 491
503 589
503 560
503 588
504 521
504 445
504 472
504 465
504 540
505 563
505 579
505 534
505 455
505 515
505 585
506 553
506 535
506 528
506 518
507 472
507 445
507 513
507 566
507 567
508 535
508 563
508 598
508 506
508 564
509 606
509 439
509 596
509 568
509 508
509 455
509 477
510 532
510 520
510 481
510 506
510 540
511 557
511 461
511 609
511 590
512 609
512 600
512 571
512 611
512 484
512 467
513 466
513 546
513 544
513 451
514 528
514 454
514 501
514 534
514 543
515 484
515 554
516 593
516 491
516 611
516 530
516 553
516 510
516 598
516 488
517 593
517 609
517 490
517 554
517 524
518 453
518 529
518 539
518 559
519 533
519 501
519 522
519 579
520 564
520 480
520 601
520 454
520 515
521 498
521 444
521 611
521 434
522 538
522 600
523 467
523 589
523 546
523 559
523 553
524 526
524 587
524 459
524 592
525 561
525 484
525 522
525 455
525 534
525 528
525 535
525 559
526 542
526 586
526 500
526 528
526 571
527 560
527 462
527 497
527 438
527 515
528 564
528 567
528 589
528 554
528 607
529 488
529 437
529 513
529 445
529 565
530 591
530 586
530 469
530 493
531 479
531 517
532 548
532 437
532 536
532 475
532 500
532 549
533 455
533 433
533 590
534 462
534 519
534 521
535 593
535 572
535 487
535 434
536 548
536 530
536 574
536 586
536 582
536 458
537 502
537 575
537 601
537 470
537 444
537 432
537 510
537 538
538 535
538 462
538 512
538 447
539 481
539 531
539 594
539 470
540 463
540 497
540 496
540 538
540 571
541 493
541 465
541 606
541 502
541 564
541 596
541 562
542 449
542 438
542 503
542 565
542 574
542 573
543 437
543 574
543 534
544 533
544 561
544 455
544 511
544 595
544 559
545 453
545 527
545 562
545 504
546 493
546 570
546 471
546 526
546 602
546 607
547 609
547 476
547 567
548 476
548 481
548 574
548 585
548 482
548 526
549 511
549 609
549 529
549 595
549 458
549 543
550 455
550 575
550 563
550 611
550 448
550 493
550 564
551 571
551 446
551 440
551 518
551 482
551 441
552 486
552 500
552 513
552 539
552 446
552 523
553 592
554 533
554 599
554 583
554 521
555 531
555 498
555 524
555 607
555 547
555 595
555 435
556 575
556 501
556 473
556 454
556 477
556 432
556 543
557 538
557 547
557 442
557 507
557 506
558 509
558 448
558 559
558 553
558 531
559 536
559 448
559 578
560 587
560 536
560 478
560 610
561 436
561 480
561 559
561 472
562 535
562 552
562 520
562 526
562 489
563 598
563 538
563 575
563 521
563 581
564 439
564 522
564 577
565 521
565 443
565 555
565 572
565 459
566 586
566 514
566 506
566 435
566 547
566 557
566 472
567 500
567 494
567 495
567 572
567 540
567 584
568 585
568 576
568 607
568 523
569 458
569 439
569 475
569 590
569 523
570 588
570 525
570 566
570 479
570 432
571 433
571 461
571 504
571 489
571 517
572 493
572 579
572 454
573 537
573 589
573 579
573 508
573 543
574 565
574 547
574 539
575 467
575 603
575 576
575 533
576 543
576 452
576 439
576 542
577 495
577 531
577 443
577 522
577 558
577 545
577 544
578 465
578 518
578 550
578 447
578 477
578 542
579 516
579 477
579 568
579 592
580 445
580 513
580 514
580 555
580 530
580 581
580 519
580 599
580 553
580 509
581 544
581 535
581 446
581 472
581 488
581 507
582 550
582 560
582 510
582 543
583 500
583 569
583 475
584 476
584 549
584 467
584 447
584 529
584 548
585 512
585 574
585 571
586 522
586 519
586 509
586 598
587 569
587 547
587 572
587 611
587 451
588 496
588 471
588 561
589 459
589 477
589 474
590 579
590 549
590 444
590 577
591 449
591 483
591 460
591 553
591 451
592 467
592 588
592 503
592 543
592 523
592 590
592 504
593 570
593 541
593 524
593 480
594 572
594 477
594 483
594 459
594 582
595 539
595 585
595 508
595 473
595 597
596 449
596 549
596 450
596 573
596 481
596 539
596 452
597 496
597 578
597 478
597 608
597 448
597 464
597 531
597 568
598 607
598 546
598 441
598 506
598 474
599 487
599 454
599 508
599 581
599 523
599 553
599 474
599 602
600 433
600 497
600 516
600 507
600 460
600 562
601 611
601 463
601 517
601 468
601 570
601 454
602 547
602 532
602 560
602 453
602 553
602 469
602 545
603 583
603 466
603 501
603 486
603 491
603 498
603 593
603 456
604 496
604 463
604 530
604 536
604 589
604 554
604 578
604 482
605 557
605 576
605 524
605 461
605 522
605 445
605 474
606 513
606 472
606 464
606 505
607 437
607 490
607 521
607 440
607 446
608 529
608 583
608 587
608 471
608 532
608 456
608 520
608 542
609 437
609 491
610 490
610 573
610 505
610 520
610 514
610 588
611 578
611 468
