250
125

0 305
1 262
2 264
3 313
4 295
5 298
6 260
7 262
8 322
9 321
10 298
11 337
12 275
13 304
14 332
15 316
16 303
17 276
18 252
19 305
20 373
21 330
22 286
23 285
24 340
25 268
26 372
27 326
28 336
29 312
30 285
31 271
32 266
33 338
34 354
35 349
36 299
37 274
38 318
39 351
40 272
41 296
42 348
43 362
44 272
45 326
46 374
47 257
48 367
49 257
50 329
51 335
52 257
53 347
54 346
55 373
56 340
57 269
58 274
59 360
60 285
61 344
62 317
63 295
64 357
65 288
66 264
67 295
68 291
69 345
70 330
71 342
72 260
73 274
74 347
75 336
76 353
77 366
78 255
79 301
80 301
81 329
82 275
83 313
84 328
85 343
86 306
87 251
88 271
89 348
90 314
91 293
92 364
93 370
94 372
95 305
96 343
97 316
98 325
99 352
100 337
101 333
102 264
103 287
104 281
105 267
106 350
107 357
108 256
109 260
110 306
111 255
112 355
113 260
114 313
115 342
116 360
117 293
118 266
119 345
120 363
121 345
122 348
123 364
124 328
125 335
126 370
127 292
128 354
129 368
130 372
131 363
132 337
133 291
134 318
135 299
136 330
137 355
138 296
139 366
140 341
141 267
142 319
143 323
144 372
145 342
146 367
147 356
148 336
149 316
150 342
151 251
152 304
153 365
154 359
155 354
156 303
157 312
158 278
159 354
160 267
161 340
162 277
163 321
164 352
165 352
166 360
167 329
168 340
169 340
170 311
171 318
172 270
173 339
174 271
175 359
176 331
177 253
178 274
179 317
180 315
181 331
182 268
183 262
184 286
185 288
186 366
187 320
188 339
189 281
190 292
191 341
192 281
193 301
194 289
195 335
196 297
197 339
198 273
199 250
200 337
201 331
202 305
203 267
204 349
205 264
206 277
207 321
208 273
209 366
210 316
211 295
212 358
213 308
214 267
215 253
216 294
217 365
218 312
219 347
220 329
221 345
222 266
223 314
224 367
225 275
226 300
227 310
228 354
229 283
230 277
231 281
232 361
233 295
234 288
235 261
236 282
237 254
238 297
239 329
240 324
241 263
242 335
243 365
244 332
245 363
246 260
247 309
248 293
249 340
250 299
250 300
250 280
250 319
251 341
251 335
252 301
252 314
252 291
253 332
253 343
254 284
254 328
254 343
254 251
255 359
255 256
255 354
256 307
256 276
256 363
257 341
257 364
257 311
257 294
257 290
257 349
257 287
258 267
258 317
258 356
258 370
258 250
258 271
259 335
259 255
259 293
259 289
259 355
259 353
260 294
260 313
261 352
261 254
261 372
261 297
261 259
261 303
262 306
262 290
263 280
263 274
263 266
263 279
263 373
263 292
264 266
264 333
264 304
264 272
265 351
265 260
265 366
265 299
265 367
265 269
265 372
266 370
267 322
267 283
268 317
268 364
268 281
269 287
269 278
269 310
270 259
270 252
270 326
270 310
270 269
271 280
271 254
272 341
272 278
272 271
273 335
273 350
274 347
274 355
275 260
275 332
275 358
275 336
275 273
275 330
276 254
276 349
276 374
276 316
276 358
277 314
277 307
277 312
277 320
278 300
278 325
278 324
278 334
278 284
279 357
279 318
279 373
279 250
279 303
280 314
280 287
280 294
280 256
281 362
281 289
281 258
282 321
282 364
282 265
282 308
282 294
282 261
283 352
283 253
283 252
283 272
283 270
283 278
284 325
284 344
284 309
285 322
285 356
285 350
285 344
285 251
286 304
286 273
286 332
287 313
287 292
287 355
287 315
288 329
288 253
288 348
288 277
288 336
289 294
289 356
289 309
289 349
289 270
290 343
290 286
290 327
290 311
291 333
291 276
291 372
291 323
291 360
291 367
291 324
292 307
292 277
292 361
292 256
292 311
293 280
293 334
293 324
294 258
294 324
295 296
296 338
296 255
296 356
297 272
297 327
297 359
297 259
298 323
298 347
298 287
298 253
299 346
299 349
299 360
299 367
300 323
300 304
300 333
300 302
301 351
301 286
301 326
302 362
302 321
302 352
302 353
303 326
303 256
303 297
303 259
303 356
303 275
304 263
304 252
304 298
305 301
305 337
305 251
305 256
306 290
306 312
306 319
306 368
306 328
307 363
307 322
307 309
307 370
308 283
308 355
308 271
308 265
308 358
308 279
309 352
309 353
310 366
310 273
310 333
310 279
311 304
311 368
311 353
312 346
312 263
313 267
313 330
314 339
314 306
314 269
314 261
315 264
315 364
315 274
315 325
316 369
317 326
317 330
317 295
317 345
317 359
317 261
318 365
318 356
318 297
318 341
319 251
319 308
319 262
319 323
320 310
320 365
320 319
320 296
320 274
320 300
321 281
321 271
321 324
322 348
322 253
322 347
322 338
322 351
322 313
323 309
323 372
323 276
323 357
324 292
324 369
324 311
325 347
325 331
325 302
325 311
325 251
326 313
326 298
326 268
327 363
327 296
327 313
327 277
327 255
327 308
327 284
328 345
328 332
328 262
328 282
328 368
329 295
329 274
329 365
329 293
330 272
330 316
330 283
330 254
331 339
331 254
331 351
331 269
331 262
331 371
332 305
332 359
332 285
333 373
333 250
333 284
334 268
334 348
334 343
334 300
334 320
334 373
334 363
334 316
335 312
335 286
335 351
336 268
336 284
336 368
336 309
337 326
337 350
337 332
337 295
337 268
338 255
338 310
338 354
338 365
338 339
338 302
339 266
339 270
339 299
340 252
340 286
340 361
340 371
341 312
341 368
341 321
341 305
342 350
342 288
342 306
342 290
343 361
343 302
343 371
344 307
344 252
344 288
344 357
344 315
345 266
345 258
345 367
345 316
346 359
346 264
346 266
346 293
346 342
346 358
347 348
347 373
347 365
348 324
348 251
348 325
349 280
349 278
349 250
349 309
350 309
350 338
350 336
350 333
351 315
351 339
351 253
351 372
352 285
352 297
352 316
353 312
353 346
353 258
353 319
353 269
354 282
354 281
355 282
355 344
356 280
356 273
356 268
357 298
357 342
357 284
357 354
357 310
358 321
358 270
358 271
358 279
359 286
359 272
359 250
360 358
360 355
360 290
360 328
361 304
361 260
361 350
361 319
361 373
362 263
362 296
362 276
362 307
362 266
362 269
362 287
363 294
363 302
363 289
364 314
364 294
364 267
364 367
365 302
365 300
366 323
366 298
366 361
367 318
367 369
368 262
368 360
368 301
368 293
369 252
369 279
369 284
369 311
369 307
369 273
370 253
370 343
370 315
370 289
370 320
371 344
371 299
371 301
371 369
371 355
371 290
371 256
372 255
373 296
373 327
374 273
374 366
374 295
374 262
374 265
374 318
374 333
374 315
